Die syrieehe Theophenie Bueh I. 69*

111 16111111 1666611 616, 116 6111111111 1111 616 6111111611 wohnen,
(und 66) 16181 (161) 161(6161) (111161 116611, eben 11161 66116 Τ6161,
161 66116 618616 Κ1611 166661 161616 116 1611111 16116111816 (16111611
LXIV. Der Menseh 611611 16181, 1116 81611 116161118116111611166 861611861,
11111861116161 86116 161, 16116161, 1611 66116 Κ1611 116161 1116116611 5
1661 1611111611 11111 1611 Β1661, 116161 6611611611 dem 16161, dem
Eisen, den wilden Tieren und 161 Τ1616 166 Μ66166 161111111611 (111)
jeder 1111161 Qualen. Er weiss, 161 6161 66116116111 6111861 11811116
8611, 1116618 (1.116181181161) 161 111 6118611161 wind, 11111611 61 166,
was drinnen 61111 (1.1. die 86616), 11611 preisgibb. 161 1166 6116116166 10
161 616 166, 1166 8666116861 11111, 1611616161, 1116116161611111 ,8611686
6611686 1618616168611ς 1611 11161 66111861 11 116111. 1116116161
wiederum 1116 1161111118 6161 ,1611161161111161616116111 8111186
1161 61 mir, indem 11 166 66116116 111111111611 Denn 61616161861
116 816116 1111116 hereb und 616181 1161116 zum Η11116111161115
616 611 661116161611166 11611 161 11111116868161. Und 11161161
8611116161161 1166116, 616 61 Β1666 611118, 16186116 116116 vor: ,1161
will 111161 66161161 161 16111616 (1611661 Β61111116 616111618661 6161
1611618118 61611111861 6161 ’81116 6161 111116 6161 8611161111 Aueh
161 6161 1616 jr'ingeb (16116) 8666161, teile 1111 161616861666161 Augen, 20
teile 1616111161161661 11161 F 1116 1616111, teile gehreuzigb. Ihr genzer
1611 1618118 111 ihre 6161111616 116111 11611 116616116186116611, eber
Σ30166 8611161611611166611, 166 11 11161 116111, 111116 116111616811661
11161161161 111 11611 6111161 (in) jenen sehwersben (8111161) preis·
gegeben, 111611 616 16161, 116 161 (16161 11611 *11811116 1161161, 25
16111161 6618161, 1611 116 11611116116111811611611 611166 anderes als
166161811811616 661. LXV. Er 611611 161 16116161666161111161
161 166 8111116161 Η616166 1611161118 86161161 111 166 *Anblieks
Gobbee 8611111181, 16161 1111 161 118611 (161166 111 161 166 161·
6161116661 166 ’1111111861 61161611 bald 11161 1111116 111 8611616, 30
1611 11611161 11161 81111616 Κ1611 66 86161161161161, 161 61 66861
6116 Prophezeiung des 1111111861 6681 111 66116 (161611661611

11 = 116616 Anaxaree: 161161 1³ 963 16 praep. 11 er rrag. 6. rer
17 = Rem 866

lvll. emer< ,,11166111111“1116661 11161 61161161 611 otho vor πέδη

12 &find θύλακον 11616161. 111611 11 116111816161; 181. 161 1. Brief des

11681166 Ρ61111166 (11611611) 21 „deren (161611161111811116 11611611 6161 „ge-
6616116111,1666161661 (1111616 seer 61611 16 «1611161616,

116 mh res ,11616111 mir 16. 166 6111 «Q 16 ,6666116181

 

